0.000000000000000000e+00 1.000000000000000000e+00
4.166666666666666435e-02 8.331794501722460389e-01
8.333333333333332871e-02 5.734023966111193582e-01
1.250000000000000000e-01 2.349278204272363668e-01
1.666666666666666574e-01 -1.679852972687861379e-01
2.083333333333333148e-01 -6.210779753663315805e-01
2.500000000000000000e-01 -1.110091232754784052e+00
2.916666666666666297e-01 -1.620766088323525533e+00
3.333333333333333148e-01 -2.138843560961940948e+00
3.750000000000000000e-01 -2.650064669559412334e+00
4.166666666666666297e-01 -3.140170433005322614e+00
4.583333333333333148e-01 -3.594901870189058712e+00
5.000000000000000000e-01 -3.999999999999999556e+00
5.416666666666666297e-01 -4.344794087590037712e+00
5.833333333333332593e-01 -4.632966383161087442e+00
6.250000000000000000e-01 -4.871787383177570874e+00
6.666666666666666297e-01 -5.068527584103908801e+00
7.083333333333332593e-01 -5.230457482404522906e+00
7.500000000000000000e-01 -5.364847574543836650e+00
7.916666666666666297e-01 -5.478968356986269939e+00
8.333333333333332593e-01 -5.580090326196245343e+00
8.750000000000000000e-01 -5.675483978638185434e+00
9.166666666666666297e-01 -5.772419810776508342e+00
9.583333333333332593e-01 -5.878168319075639303e+00
1.000000000000000000e+00 -6.000000000000000000e+00
