0.000000000000000000e+00 -1.000000000000000000e+00
4.166666666666666435e-02 -1.037507520315152698e+00
8.333333333333332871e-02 -1.159341673671892003e+00
1.250000000000000000e-01 -1.353613150867823967e+00
1.666666666666666574e-01 -1.608432642700555748e+00
2.083333333333333148e-01 -1.911910839967693621e+00
2.500000000000000000e-01 -2.252158433466845189e+00
2.916666666666666297e-01 -2.617286113995615615e+00
3.333333333333333148e-01 -2.995404572351612948e+00
3.750000000000000000e-01 -3.374624499332443239e+00
4.166666666666666297e-01 -3.743056585735713426e+00
4.583333333333333148e-01 -4.088811522359030448e+00
5.000000000000000000e-01 -4.400000000000000355e+00
5.416666666666666297e-01 -4.667562356804958235e+00
5.833333333333332593e-01 -4.893757520315152654e+00
6.250000000000000000e-01 -5.083674065420560773e+00
6.666666666666666297e-01 -5.242400567011159751e+00
7.083333333333332593e-01 -5.375025599976924084e+00
7.500000000000000000e-01 -5.486637739207832709e+00
7.916666666666666297e-01 -5.582325559593861897e+00
8.333333333333332593e-01 -5.667177636024987919e+00
8.750000000000000000e-01 -5.746282543391188824e+00
9.166666666666666297e-01 -5.824728856582439107e+00
9.583333333333332593e-01 -5.907605150488716816e+00
1.000000000000000000e+00 -6.000000000000000000e+00
